3344.2593713627834 93722.03747743872 753.5747386031304 0.08152629100396021 4.909703255524922 0.12221010228623591
6586.550676571802 242643.82726180417 776.3597545396516 0.0264615702938692 4.950948841451214 0.06737757803190464
3778.6416831957026 77395.1479654633 877.9532575010668 0.08116363092297663 5.555680127163844 0.11759900485812134
1549.4452640381014 126889.47332585788 904.581388427662 0.6742707983369151 6.342305630217543 1.2549917956117365
5917.6988476218385 67821.50198058164 2474.500622064276 0.023524122891461767 5.274621064205767 0.035035704370759126
1935.3252503083513 60809.67780085321 3061.970305590276 0.1193612142314521 4.906169343835781 0.20544954186570724
1834.3704373612436 54163.29660065564 3508.9141565649193 0.1798710032696309 6.020675441758897 0.31839206181192914
3782.4065317189234 44543.06884017104 3649.3678378579266 0.039075889646928784 5.578363023031489 0.059281670632295794
3420.1260329788097 28488.367981214873 5298.345705819277 0.1299473032186053 10.357668070279058 0.18898446221561613
3554.6857190540522 11354.55880260687 6049.046077774 0.02739514809641887 6.243163354658896 0.02998910859521802
4101.769176803825 9390.024632477376 6319.955054596235 0.02080088082041268 6.377135957925557 0.02050265607185947
2839.9941051496276 6297.350438559585 9452.226474399784 0.0382204396890554 7.273027018787444 0.03712597872782489
399.85519365524965 5614.877130270306 10007.96450088714 0.4894564376634283 6.008274635162264 0.8648847028683427
1644.7689251322854 6046.5287515145665 10051.859816766804 0.08401079751290655 7.345778785328825 0.1004383512936459
1297.7240766382167 13489.939510944088 11620.782033353533 0.2057043409489484 8.035288333877617 0.31603630099849467
18432.922250826723 28681.446956210984 15153.810598281683 0.005675614424071168 8.685840862583033 0.005388357751184746
