1262.0785491451747 0.0006227700810122471 4.9005894782516055 0.0005608810539804058
2537.123835144946 0.00408413832061933 5.340990366017089 0.00440268960616841
3570.2345874325397 0.0014286122549944354 5.73284076300216 0.0012736521427851868
3814.6035477973282 0.09605084585276813 5.887826009094029 0.10425398376971047
4263.471817366222 0.030422641382061886 5.98031546002912 0.02966058076486319
4604.3631222797085 0.0231093526738363 6.122351183555046 0.022321013262775146
8079.545836880235 0.00973021580569623 6.955935491114499 0.008166014107111395
8996.95025299312 0.048830949362398415 7.347182006438771 0.04822578115727501
10000.469443521019 0.01199574167897292 7.638966040819655 0.00951593133119733
11263.997311341865 0.01990548514134387 7.831226392782963 0.016420693518949835
11304.051579553336 0.20646534796026883 7.414360414490203 0.27767611904988543
11535.887745898151 0.016558919339973707 7.887926469167975 0.013098963229792388
14605.910952009333 0.012886565617891189 8.65120903611396 0.008401701690824753
