Untergrund_NaI_fits 1 11715.903711834027 7199692.22029747 846.4986342866091 77.37939422231162 248.07029356884263 368.5534867664838
Untergrund_NaI_fits 2 23654.520444230497 52474411.648777105 1289.0806388620065 12668.173660406474 573.9976089611228 6040.705340148958
Cs_NaI_fits 1 172256.81076518353 206990.3875177866 5600.184418084668 0.1911689961291837 164.78215311096307 0.14257792467104516
Co_NaI_fits 1 60052.07345774026 189125.00508675614 9710.808691667415 1.4535314397314867 211.1287161225412 1.8218844071352702
Co_NaI_fits 2 60917.50757954433 445229.9979453324 11010.801082209806 1.5559594962606158 248.77580721023367 4.258315410704089
Eu_NaI_fits1 1 14320.179117782747 194790.8993758647 116.23021979842724 0.03938108370475627 12.769648901512593 0.08167983322875288
Eu_NaI_fits1 2 101369.76978353885 340523.22433594085 407.143600342411 0.028638456786199005 37.511689057196826 0.036239398681857674
Eu_NaI_fits2 1 47169.2297060031 15716111.184132397 844.4875845075095 14.11044544793162 153.73880048752028 51.76496493028544
Eu_NaI_fits2 2 66878.88760062862 347399.9590137723 1129.1339510732496 0.11014135320524505 50.28276114680752 0.1256502048732883
Eu_NaI_fits2 3 15672.292857614455 2607443.3533819597 2157.137594463095 12.462901108215371 90.53091261149798 23.862181484622052
Eu_NaI_fits2 4 40335.68116412214 762119.1598381965 2998.86200109637 1.4922000563923903 111.61689424969015 2.780290988560061
Eu_NaI_fits3 1 6670.248512917629 143921.7458885799 6570.56826061906 26.447691047260985 165.44690337422676 48.229818428644215
Eu_NaI_fits3 2 6022.682325867991 64571.96008663045 8062.547226870617 19.467124657252796 184.5991100685978 35.90103319116874
Eu_NaI_fits3 3 12092.57297719851 242588.69346400604 9175.249772328842 13.749041559665123 245.97451002034921 46.13938474131729
Eu_NaI_fits4 1 5893.786899392004 77840.056973198 11617.477407291612 31.117420221159616 227.28535563313125 60.696220679265906
