172256.81076518353 206990.3875177866 5600.184418084668 0.1911689961291837 164.78215311096307 0.14257792467104516
60052.07345774026 189125.00508675614 9710.808691667415 1.4535314397314867 211.1287161225412 1.8218844071352702
60917.50757954433 445229.9979453324 11010.801082209806 1.5559594962606158 248.77580721023367 4.258315410704089
66878.88760062862 347399.9590137723 1129.1339510732496 0.11014135320524505 50.28276114680752 0.1256502048732883
15672.292857614455 2607443.3533819597 2157.137594463095 12.462901108215371 90.53091261149798 23.862181484622052
40335.68116412214 762119.1598381965 2998.86200109637 1.4922000563923903 111.61689424969015 2.780290988560061
6670.248512917629 143921.7458885799 6570.56826061906 26.447691047260985 165.44690337422676 48.229818428644215
6022.682325867991 64571.96008663045 8062.547226870617 19.467124657252796 184.5991100685978 35.90103319116874
12092.57297719851 242588.69346400604 9175.249772328842 13.749041559665123 245.97451002034921 46.13938474131729
5893.786899392004 77840.056973198 11617.477407291612 31.117420221159616 227.28535563313125 60.696220679265906
