0	0
1	0
2	0
3	0
4	0
5	0
6	0
7	0
8	0
9	0
10	0
11	0
12	0
13	0
14	0
15	0
16	0
17	0
18	0
19	0
20	0
21	0
22	0
23	0
24	0
25	0
26	2
27	47
28	201
29	401
30	218
31	25
32	3
33	0
34	0
35	0
36	0
37	0
38	0
39	0
40	0
41	0
42	0
43	0
44	0
45	0
46	0
47	0
48	0
49	0
50	0
51	0
52	0
53	0
54	0
55	0
56	0
57	0
58	0
59	0
60	0
61	0
62	0
63	0
64	0
65	0
66	0
67	0
68	0
69	0
70	0
71	0
72	0
73	0
74	0
75	0
76	0
77	0
78	0
79	0
80	0
81	0
82	0
83	0
84	0
85	0
86	0
87	0
88	0
89	0
90	0
91	0
92	0
93	0
94	0
95	0
96	0
97	0
98	0
99	0
100	0
101	0
102	0
103	0
104	0
105	0
106	0
107	0
108	0
109	0
110	0
111	0
112	0
113	0
114	0
115	0
116	0
117	0
118	0
119	0
120	0
121	0
122	0
123	0
124	0
125	1
126	0
127	0
128	0
129	0
130	0
131	0
132	0
133	0
134	0
135	1
136	0
137	1
138	0
139	0
140	0
141	0
142	2
143	1
144	1
145	0
146	0
147	1
148	2
149	0
150	3
151	0
152	0
153	0
154	1
155	0
156	0
157	3
158	1
159	1
160	0
161	1
162	0
163	1
164	1
165	2
166	2
167	2
168	2
169	1
170	4
171	3
172	4
173	3
174	4
175	6
176	2
177	3
178	3
179	2
180	1
181	5
182	3
183	4
184	5
185	9
186	6
187	9
188	7
189	13
190	9
191	10
192	8
193	7
194	14
195	6
196	11
197	12
198	21
199	17
200	18
201	12
202	16
203	17
204	19
205	20
206	15
207	16
208	23
209	27
210	24
211	23
212	32
213	20
214	28
215	28
216	29
217	33
218	27
219	25
220	31
221	34
222	28
223	36
224	25
225	34
226	25
227	39
228	41
229	38
230	35
231	24
232	42
233	36
234	44
235	32
236	37
237	32
238	37
239	36
240	44
241	36
242	39
243	40
244	39
245	30
246	38
247	38
248	48
249	33
250	31
251	42
252	38
253	32
254	39
255	29
256	30
257	42
258	28
259	38
260	30
261	46
262	36
263	35
264	40
265	45
266	33
267	37
268	35
269	40
270	36
271	44
272	31
273	29
274	37
275	38
276	33
277	39
278	35
279	43
280	37
281	51
282	48
283	38
284	30
285	31
286	27
287	29
288	29
289	30
290	31
291	38
292	34
293	43
294	38
295	36
296	27
297	40
298	36
299	31
300	28
301	31
302	26
303	33
304	24
305	34
306	29
307	27
308	29
309	26
310	32
311	30
312	28
313	37
314	28
315	31
316	24
317	25
318	27
319	20
320	21
321	27
322	25
323	25
324	16
325	19
326	19
327	22
328	26
329	23
330	18
331	23
332	22
333	23
334	22
335	23
336	18
337	20
338	25
339	18
340	21
341	20
342	20
343	24
344	16
345	16
346	18
347	21
348	19
349	13
350	24
351	15
352	19
353	24
354	18
355	22
356	12
357	13
358	20
359	13
360	18
361	19
362	22
363	22
364	19
365	15
366	14
367	14
368	14
369	15
370	20
371	11
372	16
373	13
374	25
375	21
376	13
377	13
378	8
379	11
380	16
381	18
382	8
383	13
384	10
385	5
386	14
387	15
388	11
389	15
390	15
391	10
392	16
393	10
394	8
395	10
396	10
397	15
398	14
399	10
400	11
401	8
402	12
403	13
404	9
405	10
406	14
407	15
408	13
409	8
410	14
411	7
412	9
413	15
414	11
415	10
416	12
417	9
418	11
419	8
420	9
421	9
422	7
423	10
424	7
425	10
426	8
427	6
428	2
429	10
430	11
431	12
432	5
433	7
434	7
435	9
436	8
437	6
438	6
439	4
440	6
441	6
442	8
443	7
444	9
445	3
446	6
447	10
448	5
449	8
450	11
451	10
452	10
453	2
454	10
455	7
456	5
457	4
458	8
459	4
460	3
461	2
462	12
463	10
464	1
465	4
466	5
467	1
468	6
469	7
470	7
471	5
472	6
473	7
474	10
475	4
476	8
477	4
478	6
479	11
480	5
481	2
482	3
483	6
484	0
485	7
486	5
487	9
488	2
489	3
490	1
491	5
492	6
493	4
494	9
495	7
496	6
497	6
498	2
499	6
500	5
501	5
502	3
503	3
504	2
505	10
506	7
507	2
508	4
509	5
510	4
511	6
512	7
513	5
514	8
515	1
516	2
517	7
518	3
519	4
520	3
521	7
522	7
523	3
524	1
525	3
526	6
527	6
528	3
529	2
530	4
531	4
532	1
533	2
534	6
535	6
536	3
537	5
538	7
539	3
540	5
541	4
542	4
543	8
544	5
545	6
546	4
547	5
548	9
549	3
550	10
551	10
552	12
553	2
554	2
555	7
556	4
557	3
558	4
559	7
560	8
561	4
562	4
563	2
564	3
565	6
566	5
567	6
568	7
569	5
570	3
571	3
572	6
573	2
574	4
575	7
576	3
577	2
578	6
579	5
580	3
581	2
582	3
583	8
584	2
585	4
586	3
587	3
588	2
589	4
590	4
591	0
592	3
593	1
594	1
595	4
596	1
597	1
598	3
599	1
600	2
601	2
602	3
603	1
604	2
605	5
606	2
607	4
608	2
609	4
610	3
611	2
612	5
613	3
614	2
615	3
616	2
617	1
618	4
619	4
620	1
621	0
622	1
623	0
624	2
625	2
626	2
627	2
628	6
629	1
630	5
631	1
632	0
633	0
634	1
635	1
636	1
637	0
638	0
639	1
640	2
641	1
642	2
643	1
644	2
645	2
646	6
647	2
648	2
649	4
650	0
651	2
652	4
653	2
654	3
655	1
656	2
657	0
658	3
659	0
660	4
661	1
662	2
663	2
664	0
665	1
666	0
667	1
668	1
669	0
670	1
671	1
672	3
673	1
674	1
675	1
676	1
677	2
678	2
679	0
680	2
681	0
682	1
683	1
684	2
685	0
686	4
687	3
688	1
689	0
690	0
691	0
692	1
693	1
694	3
695	0
696	1
697	1
698	0
699	0
700	2
701	1
702	3
703	1
704	0
705	1
706	2
707	0
708	1
709	0
710	1
711	1
712	1
713	0
714	1
715	1
716	1
717	0
718	0
719	1
720	0
721	1
722	0
723	1
724	2
725	1
726	3
727	2
728	11
729	4
730	1
731	0
732	1
733	2
734	2
735	0
736	1
737	0
738	1
739	2
740	0
741	0
742	1
743	1
744	1
745	1
746	3
747	4
748	0
749	0
750	0
751	0
752	0
753	0
754	0
755	0
756	0
757	0
758	0
759	0
760	0
761	0
762	0
763	0
764	1
765	0
766	0
767	0
768	0
769	0
770	0
771	0
772	0
773	0
774	0
775	0
776	0
777	0
778	0
779	0
780	0
781	0
782	0
783	0
784	0
785	0
786	0
787	0
788	0
789	0
790	0
791	0
792	0
793	0
794	0
795	0
796	0
797	0
798	0
799	0
800	0
801	0
802	0
803	0
804	0
805	0
806	0
807	0
808	0
809	0
810	0
811	0
812	0
813	0
814	0
815	0
816	0
817	0
818	0
819	0
820	0
821	0
822	0
823	0
824	0
825	0
826	0
827	0
828	0
829	0
830	0
831	0
832	0
833	0
834	0
835	0
836	0
837	0
838	0
839	0
840	0
841	0
842	0
843	0
844	0
845	0
846	0
847	0
848	0
849	0
850	0
851	0
852	0
853	0
854	0
855	0
856	0
857	0
858	0
859	0
860	0
861	0
862	0
863	0
864	0
865	0
866	0
867	0
868	0
869	0
870	0
871	0
872	0
873	0
874	0
875	0
876	0
877	0
878	0
879	0
880	0
881	0
882	0
883	0
884	0
885	0
886	0
887	0
888	0
889	0
890	0
891	0
892	0
893	0
894	0
895	0
896	0
897	0
898	0
899	0
900	0
901	0
902	0
903	0
904	0
905	0
906	0
907	0
908	0
909	0
910	0
911	0
912	0
913	0
914	0
915	0
916	0
917	0
918	0
919	0
920	0
921	0
922	0
923	0
924	0
925	0
926	0
927	0
928	0
929	0
930	0
931	0
932	0
933	0
934	0
935	0
936	0
937	0
938	0
939	0
940	0
941	0
942	0
943	0
944	0
945	0
946	0
947	0
948	0
949	0
950	0
951	0
952	0
953	0
954	0
955	0
956	0
957	0
958	0
959	0
960	0
961	0
962	0
963	0
964	0
965	0
966	0
967	0
968	0
969	0
970	0
971	0
972	0
973	0
974	0
975	0
976	0
977	0
978	0
979	0
980	0
981	0
982	0
983	0
984	0
985	0
986	0
987	0
988	0
989	0
990	0
991	0
992	0
993	0
994	0
995	0
996	0
997	0
998	0
999	0
1000	0
1001	0
1002	0
1003	0
1004	0
1005	0
1006	0
1007	0
1008	0
1009	0
1010	0
1011	0
1012	0
1013	0
1014	0
1015	0
1016	0
1017	0
1018	0
1019	0
1020	0
1021	0
1022	0
1023	0
