0	3178
1	6428
2	6757
3	5291
4	4287
5	3545
6	2816
7	2560
8	2188
9	2000
10	1758
11	1658
12	1516
13	1399
14	1239
15	1207
16	1103
17	1056
18	996
19	918
20	917
21	845
22	806
23	842
24	716
25	809
26	761
27	759
28	784
29	629
30	608
31	531
32	509
33	501
34	479
35	462
36	425
37	392
38	416
39	389
40	415
41	358
42	391
43	375
44	341
45	321
46	335
47	322
48	320
49	298
50	289
51	274
52	287
53	258
54	248
55	250
56	244
57	236
58	238
59	225
60	223
61	203
62	202
63	237
64	188
65	232
66	199
67	217
68	161
69	202
70	196
71	170
72	155
73	149
74	164
75	149
76	157
77	146
78	145
79	151
80	157
81	158
82	162
83	128
84	128
85	129
86	147
87	149
88	116
89	136
90	122
91	141
92	123
93	141
94	128
95	104
96	109
97	131
98	120
99	113
100	84
101	123
102	122
103	100
104	117
105	96
106	103
107	93
108	109
109	79
110	91
111	105
112	120
113	94
114	99
115	102
116	92
117	106
118	104
119	85
120	90
121	98
122	93
123	90
124	71
125	64
126	87
127	96
128	73
129	75
130	83
131	82
132	78
133	79
134	75
135	71
136	73
137	88
138	86
139	68
140	69
141	64
142	66
143	85
144	67
145	77
146	85
147	70
148	68
149	68
150	87
151	63
152	87
153	95
154	58
155	85
156	60
157	63
158	86
159	68
160	79
161	65
162	72
163	75
164	80
165	64
166	73
167	79
168	85
169	63
170	59
171	70
172	64
173	56
174	60
175	65
176	82
177	59
178	75
179	74
180	64
181	65
182	56
183	54
184	77
185	69
186	75
187	77
188	63
189	55
190	57
191	74
192	60
193	61
194	56
195	61
196	58
197	61
198	70
199	45
200	64
201	47
202	49
203	68
204	65
205	67
206	66
207	55
208	44
209	54
210	51
211	52
212	46
213	50
214	49
215	43
216	37
217	45
218	59
219	51
220	38
221	31
222	53
223	47
224	43
225	43
226	41
227	51
228	38
229	38
230	41
231	35
232	30
233	46
234	45
235	34
236	30
237	26
238	37
239	36
240	39
241	37
242	34
243	37
244	40
245	36
246	24
247	27
248	42
249	33
250	21
251	26
252	27
253	33
254	34
255	24
256	24
257	21
258	34
259	26
260	21
261	27
262	22
263	26
264	25
265	24
266	29
267	24
268	26
269	25
270	27
271	27
272	26
273	26
274	18
275	21
276	21
277	24
278	23
279	17
280	16
281	21
282	16
283	11
284	19
285	19
286	14
287	23
288	18
289	23
290	22
291	19
292	21
293	8
294	20
295	24
296	19
297	13
298	20
299	15
300	21
301	15
302	9
303	13
304	12
305	26
306	7
307	12
308	6
309	15
310	17
311	9
312	14
313	8
314	6
315	8
316	11
317	13
318	15
319	14
320	9
321	8
322	5
323	16
324	7
325	8
326	9
327	10
328	10
329	8
330	9
331	14
332	13
333	11
334	8
335	11
336	9
337	11
338	13
339	9
340	10
341	10
342	9
343	10
344	8
345	6
346	4
347	17
348	5
349	6
350	6
351	9
352	3
353	5
354	5
355	6
356	11
357	7
358	12
359	4
360	8
361	6
362	5
363	3
364	5
365	4
366	3
367	9
368	9
369	5
370	8
371	3
372	3
373	4
374	5
375	3
376	6
377	5
378	8
379	6
380	3
381	5
382	8
383	5
384	5
385	4
386	8
387	6
388	3
389	4
390	6
391	1
392	4
393	4
394	2
395	5
396	4
397	5
398	6
399	6
400	4
401	5
402	1
403	3
404	2
405	3
406	8
407	2
408	5
409	5
410	4
411	3
412	1
413	5
414	4
415	4
416	4
417	3
418	3
419	3
420	5
421	5
422	4
423	6
424	4
425	2
426	8
427	1
428	2
429	0
430	5
431	2
432	0
433	4
434	0
435	8
436	2
437	2
438	4
439	2
440	1
441	1
442	8
443	8
444	2
445	4
446	1
447	3
448	1
449	5
450	3
451	2
452	6
453	0
454	0
455	4
456	3
457	1
458	3
459	2
460	3
461	6
462	3
463	2
464	4
465	3
466	1
467	1
468	2
469	2
470	1
471	4
472	5
473	1
474	3
475	3
476	2
477	4
478	1
479	0
480	4
481	0
482	1
483	4
484	1
485	2
486	4
487	2
488	0
489	1
490	0
491	3
492	3
493	1
494	2
495	2
496	3
497	4
498	0
499	1
500	1
501	0
502	0
503	2
504	0
505	0
506	2
507	2
508	3
509	2
510	2
511	3
512	2
513	4
514	2
515	2
516	2
517	0
518	1
519	0
520	1
521	3
522	0
523	1
524	2
525	4
526	2
527	1
528	0
529	2
530	0
531	2
532	1
533	4
534	3
535	1
536	0
537	2
538	1
539	2
540	2
541	2
542	1
543	1
544	0
545	0
546	1
547	0
548	2
549	1
550	2
551	2
552	1
553	3
554	2
555	1
556	2
557	4
558	1
559	1
560	0
561	4
562	1
563	2
564	1
565	3
566	1
567	0
568	1
569	3
570	0
571	1
572	2
573	1
574	0
575	2
576	0
577	2
578	1
579	3
580	0
581	3
582	2
583	2
584	0
585	2
586	1
587	1
588	0
589	1
590	1
591	0
592	2
593	1
594	2
595	2
596	0
597	0
598	0
599	0
600	0
601	0
602	1
603	1
604	3
605	1
606	2
607	1
608	0
609	1
610	1
611	3
612	0
613	2
614	1
615	2
616	1
617	0
618	0
619	1
620	2
621	0
622	0
623	0
624	0
625	0
626	1
627	0
628	0
629	1
630	2
631	1
632	0
633	0
634	1
635	1
636	1
637	0
638	0
639	0
640	1
641	2
642	0
643	0
644	0
645	1
646	0
647	0
648	0
649	0
650	1
651	1
652	0
653	0
654	1
655	0
656	0
657	0
658	0
659	1
660	0
661	2
662	2
663	1
664	1
665	3
666	1
667	0
668	0
669	2
670	0
671	1
672	1
673	0
674	0
675	0
676	0
677	0
678	0
679	0
680	0
681	0
682	0
683	1
684	0
685	0
686	0
687	0
688	0
689	0
690	0
691	1
692	1
693	0
694	2
695	0
696	0
697	0
698	0
699	1
700	0
701	0
702	1
703	0
704	0
705	0
706	3
707	0
708	0
709	1
710	0
711	0
712	2
713	1
714	1
715	0
716	0
717	0
718	0
719	0
720	0
721	0
722	0
723	0
724	1
725	0
726	0
727	2
728	0
729	0
730	0
731	0
732	0
733	1
734	0
735	0
736	0
737	0
738	0
739	0
740	0
741	0
742	0
743	0
744	0
745	1
746	2
747	1
748	0
749	0
750	0
751	0
752	0
753	0
754	0
755	0
756	0
757	0
758	0
759	0
760	0
761	0
762	0
763	0
764	0
765	0
766	0
767	0
768	0
769	0
770	0
771	0
772	0
773	0
774	0
775	0
776	0
777	0
778	0
779	0
780	0
781	0
782	0
783	0
784	0
785	0
786	0
787	0
788	0
789	0
790	0
791	0
792	0
793	0
794	0
795	0
796	0
797	0
798	0
799	0
800	0
801	0
802	0
803	0
804	0
805	0
806	0
807	0
808	0
809	0
810	0
811	0
812	0
813	0
814	0
815	0
816	0
817	0
818	0
819	0
820	0
821	0
822	0
823	0
824	0
825	0
826	0
827	0
828	0
829	0
830	0
831	0
832	0
833	0
834	0
835	0
836	0
837	0
838	0
839	0
840	0
841	0
842	0
843	0
844	0
845	0
846	0
847	0
848	0
849	0
850	0
851	0
852	0
853	0
854	0
855	0
856	0
857	0
858	0
859	0
860	0
861	0
862	0
863	0
864	0
865	0
866	0
867	0
868	0
869	0
870	0
871	0
872	0
873	0
874	0
875	0
876	0
877	0
878	0
879	0
880	0
881	0
882	0
883	0
884	0
885	0
886	0
887	0
888	0
889	0
890	0
891	0
892	0
893	0
894	0
895	0
896	0
897	0
898	0
899	0
900	0
901	0
902	0
903	0
904	0
905	0
906	0
907	0
908	0
909	0
910	0
911	0
912	0
913	0
914	0
915	0
916	0
917	0
918	0
919	0
920	0
921	0
922	0
923	0
924	0
925	0
926	0
927	0
928	0
929	0
930	0
931	0
932	0
933	0
934	0
935	0
936	0
937	0
938	0
939	0
940	0
941	0
942	0
943	0
944	0
945	0
946	0
947	0
948	0
949	0
950	0
951	0
952	0
953	0
954	0
955	0
956	0
957	0
958	0
959	0
960	0
961	0
962	0
963	0
964	0
965	0
966	0
967	0
968	0
969	0
970	0
971	0
972	0
973	0
974	0
975	0
976	0
977	0
978	0
979	0
980	0
981	0
982	0
983	0
984	0
985	0
986	0
987	0
988	0
989	0
990	0
991	0
992	0
993	0
994	0
995	0
996	0
997	0
998	0
999	0
1000	0
1001	0
1002	0
1003	0
1004	0
1005	0
1006	0
1007	0
1008	0
1009	0
1010	0
1011	0
1012	0
1013	0
1014	0
1015	0
1016	0
1017	0
1018	0
1019	0
1020	0
1021	0
1022	0
1023	0
