Untergrund_HPGe_fits 1 267.61486641177584 474.94318908282787 15154.280645356803 0.43100022299850377 8.845846124642131 0.4008287914880825
Cs_HPGe_fits 1 80534.77466321882 85934.95216055612 6863.191005483268 0.0006174858856972116 6.73958298797152 0.00040347158122924916
Co_HPGe_fits1 1 7469.635933416203 8188.019570180143 12170.315368635976 0.010004358525562043 8.088536129401447 0.006531567653518594
Co_HPGe_fits2 1 6639.935011282592 7576.469283568181 13822.806848959213 0.01205876928824099 8.266161445768423 0.008113656954316933
Eu_HPGe_fits1 1 55334.36242150634 85353.34210456471 1262.0785491451747 0.0006227700810122471 4.9005894782516055 0.0005608810539804058
Eu_HPGe_fits2 1 12266.707611135624 27684.508347183873 2537.123835144946 0.00408413832061933 5.340990366017089 0.00440268960616841
Eu_HPGe_fits3 1 31697.073486185538 46587.677405671435 3570.2345874325397 0.0014286122549944354 5.73284076300216 0.0012736521427851868
Eu_HPGe_fits4 1 983.0136558691285 3344.9254943596 3814.6035477973282 0.09605084585276813 5.887826009094029 0.10425398376971047
Eu_HPGe_fits5 1 2245.751887482275 4813.888882591519 4263.471817366222 0.030422641382061886 5.98031546002912 0.02966058076486319
Eu_HPGe_fits6 1 2827.828537282331 5436.768638739131 4604.3631222797085 0.0231093526738363 6.122351183555046 0.022321013262775146
Eu_HPGe_fits7 1 6899.810603431937 9586.796382135577 8079.545836880235 0.00973021580569623 6.955935491114499 0.008166014107111395
Eu_HPGe_fits8 1 2003.3354380415462 4136.036091700013 8996.95025299312 0.048830949362398415 7.347182006438771 0.04822578115727501
Eu_HPGe_fits9 1 6335.778522169409 8281.439905117502 10000.469443521019 0.01199574167897292 7.638966040819655 0.00951593133119733
Eu_HPGe_fits10 1 3989.679603372613 5410.338481415676 11263.997311341865 0.01990548514134387 7.831226392782963 0.016420693518949835
Eu_HPGe_fits10 2 577.4876966103444 2166.337734349275 11304.051579553336 0.20646534796026883 7.414360414490203 0.27767611904988543
Eu_HPGe_fits10 3 5018.485906726185 6575.626171613886 11535.887745898151 0.016558919339973707 7.887926469167975 0.013098963229792388
Eu_HPGe_fits11 1 6364.401921953667 6777.214924145214 14605.910952009333 0.012886565617891189 8.65120903611396 0.008401701690824753
